2
1
2
1
3
2
4
3
5
5
6
6
6
8
7
7
9
9
8
9
10
12
12
12
12
14
15
14
14
15
15
16
17
16
17
16
18
18
20
19
20
21
22
21
22
23
23
23
24
25
25
25
26
26
27
28
27
29
29
28
29
30
30
30
31
32
31
32
32
34
33
34
35
35
36
36
37
38
37
39
38
39
39
40
39
40
41
43
42
44
43
44
44
45
45
45
45
47
47
48
47
47
48
50
49
49
51
51
51
52
53
52
53
52
53
54
54
54
55
55
55
56
57
58
57
57
58
59
60
59
60
61
60
60
60
62
61
62
63
63
63
62
63
63
63
65
66
63
65
66
67
66
68
68
68
68
69
69
69
70
71
72
72
71
71
72
72
73
74
72
74
73
75
75
76
76
76
78
77
78
77
78
78
78
79
80
79
79
79
81
80
81
79
81
81
82
82
84
84
83
83
83
83
86
85
87
86
86
86
88
88
88
87
90
89
90
89
89
91
89
90
91
90
92
92
91
93
93
92
93
94
93
93
94
96
95
96
96
97
97
96
97
96
97
98
99
98
100
100
99
99
99
102
101
102
102
103
102
102
102
103
103
103
103
104
104
105
105
105
106
107
105
105
107
108
107
107
108
109
108
108
109
110
109
112
110
110
111
112
112
112
112
113
112
113
113
114
113
114
114
114
114
114
115
116
116
116
116
117
119
118
119
118
118
118
118
120
119
119
121
119
120
121
121
122
122
123
122
121
121
123
123
124
124
125
124
124
123
125
126
125
125
125
126
125
127
127
127
126
128
127
127
129
127
129
128
130
128
129
128
128
129
129
131
131
131
131
131
130
131
133
131
134
132
132
134
134
133
133
133
133
134
134
134
136
136
135
136
135
136
136
136
137
137
137
138
138
137
138
139
140
140
138
140
140
139
139
141
141
140
140
142
141
142
143
142
142
143
142
143
142
143
142
144
144
145
144
144
145
144
146
146
145
146
146
145
146
147
146
146
146
148
148
149
148
147
147
149
147
149
150
150
150
150
150
149
150
151
151
152
152
151
151
151
151
153
153
153
151
152
153
153
153
153
153
154
155
154
156
155
155
155
154
154
156
156
156
156
156
156
157
158
158
157
157
158
158
158
159
159
159
159
158
159
160
160
159
159
161
161
160
161
161
161
161
163
161
162
161
162
161
161
163
162
163
162
163
163
163
164
163
163
164
164
165
163
165
165
166
166
165
165
167
166
166
167
166
166
166
167
167
169
167
167
168
169
169
169
167
168
167
167
168
168
169
171
170
170
170
170
171
169
172
170
172
172
172
171
172
172
171
171
173
172
173
172
174
173
174
174
174
172
173
172
174
175
175
174
175
175
176
174
176
175
175
176
176
175
175
176
178
177
177
178
176
178
177
179
178
178
178
178
179
179
178
179
179
179
178
180
179
179
179
179
181
180
181
180
180
181
180
181
181
181
181
182
181
181
182
181
182
182
183
182
182
184
182
183
184
182
183
184
183
185
184
184
184
183
183
184
185
186
185
184
185
186
185
185
186
186
187
187
186
186
188
187
186
187
187
188
186
186
187
187
188
188
188
187
189
188
189
188
187
188
188
188
190
190
188
189
192
189
189
191
189
192
190
191
192
191
190
192
192
192
192
191
192
192
192
192
192
192
193
193
192
193
193
194
192
194
193
193
194
193
194
194
194
194
193
193
193
195
195
194
194
195
195
196
196
194
195
195
195
194
195
196
196
196
196
195
197
196
196
197
197
196
197
197
197
197
198
198
196
198
198
197
199
198
198
198
197
198
199
198
199
202
199
199
199
199
200
199
200
200
200
201
200
200
199
201
199
200
200
200
201
199
201
200
201
200
201
201
200
201
202
202
203
202
203
202
203
201
203
203
203
202
202
203
203
204
203
204
203
203
204
204
204
204
203
203
204
205
203
204
204
205
203
204
206
206
205
205
205
206
206
206
207
206
206
206
206
205
205
206
206
207
206
205
206
206
206
208
207
208
207
206
208
207
206
208
207
207
207
207
207
208
208
209
208
208
207
208
209
210
207
209
208
208
207
209
209
209
208
209
211
209
210
208
209
210
209
209
209
209
211
209
210
211
210
211
212
211
211
210
210
212
212
211
210
211
212
212
212
210
211
211
212
211
211
213
212
211
211
213
212
213
212
214
212
213
213
214
213
212
214
213
212
213
214
213
214
213
214
215
213
214
215
214
212
214
214
215
216
215
214
215
215
214
215
215
214
215
214
216
216
216
215
215
217
216
216
216
216
215
218
215
216
217
216
217
217
216
217
216
217
216
215
216
217
217
218
218
217
217
216
217
217
216
217
218
219
217
217
217
217
217
218
217
217
217
218
218
219
218
217
219
219
220
218
218
219
219
219
220
217
219
219
219
220
221
219
220
219
220
220
221
220
219
222
220
221
221
222
222
220
220
221
220
221
222
222
222
223
221
222
220
222
221
221
220
223
221
221
222
221
222
222
221
222
221
222
221
222
221
221
223
224
224
223
224
223
222
222
224
224
224
223
224
222
224
224
224
225
224
223
224
224
223
223
224
224
224
225
225
224
223
225
225
224
225
224
225
224
225
224
225
225
225
224
225
225
225
225
225
225
225
226
226
226
225
226
227
226
226
225
226
226
226
227
227
225
225
226
226
226
227
225
226
227
226
227
227
228
227
227
228
226
227
228
226
227
227
227
227
228
228
226
228
228
227
228
226
227
228
226
227
229
228
228
228
227
228
227
228
228
228
228
228
228
228
229
228
228
230
229
229
228
228
230
229
229
230
227
228
228
229
227
229
230
230
230
230
230
229
229
229
229
230
230
229
230
230
230
229
229
229
230
229
229
231
230
229
230
230
230
230
229
230
230
229
231
231
230
230
231
231
231
230
231
232
232
230
231
230
231
230
232
230
231
231
229
230
230
231
232
232
231
231
232
232
232
232
231
232
231
233
232
231
231
231
232
231
232
231
231
232
232
231
233
232
233
232
233
232
233
233
232
233
233
234
233
234
233
233
233
234
232
234
234
233
233
233
233
234
233
234
234
234
233
234
232
234
234
234
233
233
233
235
234
234
233
234
234
234
234
233
235
234
234
233
234
233
234
235
233
235
235
233
235
233
234
235
235
234
235
236
234
234
235
235
234
236
234
235
235
236
236
235
234
235
236
235
236
235
235
236
236
236
236
236
236
235
236
236
236
236
236
236
236
236
236
235
236
236
235
236
235
236
237
236
237
235
236
237
236
237
236
236
238
236
237
237
236
236
237
238
237
237
238
237
237
238
236
237
236
238
237
238
237
237
237
238
238
237
238
237
238
238
238
238
237
237
237
239
236
236
238
237
237
236
238
238
237
237
238
238
238
238
238
237
238
237
238
238
238
238
237
238
240
240
239
239
240
238
238
237
239
237
238
239
239
238
239
239
240
239
239
240
239
240
239
238
240
240
240
238
239
238
239
240
240
239
240
238
239
238
240
238
240
240
240
240
239
240
240
239
239
239
239
240
240
239
240
240
238
240
241
240
240
240
241
240
239
239
240
240
239
242
240
239
240
240
241
240
240
240
239
239
240
240
241
240
240
240
240
240
240
240
240
241
241
241
241
240
241
241
241
241
240
242
240
241
241
242
240
240
242
241
241
240
241
241
242
242
242
242
241
242
242
242
241
241
241
241
240
242
241
241
242
242
241
242
241
241
240
241
242
241
241
243
243
241
242
243
241
241
242
242
241
241
243
243
242
242
242
242
242
241
241
242
242
241
242
242
242
242
241
243
243
242
242
242
241
242
242
242
242
242
241
241
241
243
242
243
242
242
241
243
243
243
241
244
244
243
243
243
241
242
243
243
242
242
243
242
244
244
242
243
243
243
244
243
242
244
244
244
243
243
241
244
243
243
243
244
243
242
243
242
243
243
243
243
242
244
243
244
244
243
242
244
243
243
243
244
245
243
243
243
243
245
244
244
243
243
243
244
244
244
244
243
245
244
243
243
243
244
242
245
244
243
243
243
244
244
243
244
244
244
244
244
244
244
245
245
244
244
244
245
244
244
244
244
244
244
245
243
246
243
245
246
244
246
245
245
246
244
246
244
243
244
245
244
245
245
243
246
245
245
244
245
245
244
244
244
244
246
244
244
244
244
245
245
246
244
246
246
245
246
245
245
245
245
245
245
246
245
245
246
246
245
244
244
246
244
246
245
246
246
246
247
247
245
245
246
244
246
247
245
246
245
246
245
246
245
247
246
246
247
245
245
244
246
244
246
244
245
245
246
247
245
246
246
245
246
245
247
246
245
246
246
246
246
246
246
246
245
246
245
246
246
245
246
248
245
246
245
245
247
245
247
247
246
245
246
247
246
246
247
247
246
247
248
247
248
246
247
247
247
247
247
247
246
245
246
247
245
246
246
246
247
246
247
246
246
247
246
245
245
247
247
247
245
246
246
246
246
246
246
245
246
246
247
246
246
246
247
247
245
245
246
247
246
247
247
246
246
248
247
245
247
248
246
246
247
246
247
246
247
246
247
246
247
246
246
248
247
248
247
247
248
248
247
247
247
247
248
247
247
247
248
245
246
246
247
246
246
248
247
248
246
248
247
248
247
247
247
247
248
247
247
246
247
248
246
247
248
247
248
248
248
248
247
246
247
246
248
247
247
247
248
247
248
248
246
247
247
248
248
249
248
247
247
247
246
248
248
248
247
247
248
248
248
247
247
248
247
246
249
247
247
248
247
248
248
248
247
248
248
248
247
248
249
248
248
248
247
247
247
248
248
249
248
249
248
247
248
247
247
248
248
247
248
248
247
248
247
248
247
247
248
249
248
247
248
248
247
246
248
247
247
249
248
247
248
249
248
249
248
249
248
247
248
248
247
247
248
248
247
247
247
248
248
247
248
247
248
248
248
247
248
248
247
247
248
248
248
247
247
248
249
248
247
247
247
247
248
247
249
248
249
248
246
247
246
244
244
243
244
243
243
243
243
242
241
241
240
239
240
239
239
240
237
238
238
235
236
235
233
235
234
233
233
232
232
231
230
231
230
230
230
229
228
229
229
228
227
227
227
226
226
225
224
224
224
224
222
221
222
220
221
221
221
220
218
218
218
218
219
217
216
216
216
216
216
214
214
213
213
212
211
211
212
212
210
211
209
210
209
209
209
207
208
206
207
207
207
204
206
204
205
204
203
203
203
202
202
201
201
201
199
199
200
200
198
198
198
197
197
197
197
196
195
195
195
194
195
194
194
194
193
193
193
193
192
192
191
191
192
192
190
189
189
189
189
188
188
187
188
187
186
185
185
186
185
184
185
183
184
183
183
183
182
182
181
181
181
180
179
179
179
179
178
178
178
176
177
177
176
175
176
175
175
173
174
174
173
174
172
172
171
172
171
171
170
170
169
168
169
170
168
168
167
167
167
167
167
167
165
166
166
165
164
165
164
163
163
163
164
163
163
162
162
162
160
160
159
160
159
159
159
159
158
158
158
157
158
155
156
157
156
156
155
155
154
154
155
153
154
154
153
153
152
152
152
152
151
152
151
149
150
150
149
149
150
148
147
147
147
146
148
146
145
145
147
146
146
144
145
144
144
145
143
143
143
142
142
142
140
141
141
141
140
140
140
140
139
138
138
138
138
138
138
138
137
137
138
136
135
137
136
135
133
134
135
134
133
133
132
133
132
133
133
132
131
131
130
132
131
131
131
130
131
129
129
129
129
129
128
128
128
128
126
128
127
126
127
127
126
127
125
125
126
126
126
124
124
124
124
123
124
122
124
124
121
121
123
121
121
120
121
120
119
121
120
119
120
120
119
118
118
118
119
118
118
117
117
118
116
116
117
116
115
115
116
115
116
115
115
114
114
115
114
114
115
114
113
112
113
112
113
112
111
112
111
110
110
111
112
109
110
110
110
110
110
109
110
110
108
107
108
108
107
106
108
107
107
108
108
108
106
105
106
105
106
104
105
104
105
104
104
105
103
104
103
104
104
102
102
103
103
101
102
102
101
102
101
102
100
101
100
101
100
100
98
99
99
99
99
98
98
97
97
96
98
97
97
97
97
97
96
96
96
96
96
96
96
96
94
94
93
95
95
92
94
93
93
92
92
92
92
93
91
93
91
92
90
90
92
90
91
90
89
89
89
89
90
88
89
88
88
88
89
88
87
88
87
87
88
87
86
88
85
86
87
87
87
87
87
86
85
85
85
85
85
85
85
84
85
84
83
84
83
83
84
83
83
84
82
84
83
82
81
82
82
82
81
80
81
81
81
80
81
81
81
79
79
79
79
79
79
79
79
79
79
79
79
78
78
77
76
78
78
78
78
78
77
77
77
78
76
76
76
75
75
75
76
76
77
75
75
74
74
75
75
73
74
75
73
74
74
74
74
73
72
73
73
73
71
72
72
72
71
72
72
71
72
72
71
70
70
72
71
71
70
70
69
70
70
71
70
70
70
70
69
69
69
70
68
68
68
69
69
68
68
68
68
67
67
67
66
67
67
67
67
67
67
67
66
67
66
66
66
66
63
65
63
66
63
65
65
65
63
65
63
63
63
63
63
63
63
63
63
63
63
63
63
63
63
63
63
61
62
62
62
61
62
62
62
61
59
59
60
60
59
61
60
60
61
60
61
59
59
58
60
59
60
60
60
59
60
59
59
58
59
58
59
57
57
58
56
57
57
57
56
56
57
57
57
56
57
56
56
56
56
55
56
56
55
56
56
56
55
55
54
54
54
54
55
54
53
53
53
54
54
53
54
53
53
53
53
53
53
53
53
52
52
52
53
52
52
52
52
52
51
52
52
51
51
51
50
50
50
50
50
51
50
51
50
50
50
50
48
48
50
49
48
49
50
48
48
49
49
48
49
48
48
48
49
49
47
48
47
47
47
46
48
47
48
48
48
47
46
46
46
46
47
47
46
45
45
46
46
46
45
46
45
44
46
45
46
45
45
43
46
44
45
46
44
45
43
43
44
44
44
43
44
43
44
44
42
43
42
42
44
44
42
44
43
41
43
41
43
43
43
43
41
42
41
39
42
41
42
42
41
41
40
41
40
40
40
40
41
40
40
40
41
39
41
39
40
39
40
39
39
40
39
40
40
39
40
39
39
39
39
38
38
37
37
38
37
39
38
37
36
38
38
37
36
37
38
35
36
38
36
38
36
36
37
38
36
37
35
36
35
36
36
35
35
37
35
34
36
35
36
35
34
35
35
36
35
35
35
35
34
35
34
34
35
34
35
33
33
33
33
33
35
33
34
34
34
32
33
33
34
34
33
34
33
33
34
34
32
31
33
33
33
33
34
32
32
31
32
32
32
32
32
30
31
32
31
31
32
30
31
31
30
31
31
31
29
30
31
31
30
29
29
30
29
31
30
30
30
28
29
30
30
29
30
30
30
30
29
28
29
28
30
29
28
29
28
28
29
29
29
29
28
29
28
28
28
29
27
28
28
27
28
28
28
27
28
27
26
27
27
27
28
27
27
26
28
27
26
27
27
27
26
27
28
25
27
26
27
26
27
25
27
25
26
26
27
26
25
26
26
26
25
26
26
26
25
26
25
26
25
25
24
25
25
25
26
25
25
25
24
25
25
24
24
24
24
25
25
25
25
24
23
23
23
23
24
24
24
24
24
24
24
22
23
23
24
23
22
23
23
24
24
22
22
23
23
22
22
24
23
23
22
22
23
23
23
22
23
22
23
22
22
23
23
23
23
24
22
22
21
21
21
22
23
22
21
22
22
22
21
22
22
22
21
21
22
21
21
22
21
20
21
20
21
21
22
20
21
21
21
20
20
20
21
20
21
19
20
20
19
19
21
20
20
21
20
19
20
21
21
20
20
20
21
21
20
20
21
20
19
20
20
20
20
19
19
19
19
20
20
20
19
20
20
18
20
18
19
19
18
20
19
18
19
19
18
19
19
18
19
19
19
19
19
17
18
19
18
18
19
17
19
18
19
19
19
17
19
17
18
18
18
18
18
18
18
18
17
18
18
17
18
17
18
19
17
17
18
18
17
17
17
18
17
18
16
18
16
16
16
15
16
15
17
16
18
16
16
16
16
16
17
18
16
17
16
17
16
16
17
16
15
16
17
17
16
16
15
15
15
15
15
16
16
16
16
16
16
16
15
15
15
17
15
15
15
15
15
15
15
15
15
15
16
15
15
16
16
15
15
15
14
15
15
13
15
14
15
14
15
15
15
15
14
15
15
15
15
14
15
15
15
16
14
14
15
14
15
15
15
13
13
14
15
14
14
14
13
15
15
15
13
15
15
14
14
15
14
15
14
13
15
14
15
13
14
13
15
13
14
13
12
14
13
13
13
14
13
14
13
12
14
14
14
13
13
13
14
13
13
14
13
13
12
12
14
12
13
13
13
12
13
11
13
13
12
13
12
13
12
12
11
12
13
13
13
12
12
12
11
13
13
13
12
13
12
12
14
12
12
12
13
11
12
13
14
13
12
13
12
12
13
13
12
13
11
12
12
12
12
12
11
12
12
11
12
11
11
12
12
12
12
11
11
11
12
12
12
12
12
11
11
11
11
12
10
12
11
12
11
12
12
12
11
11
12
12
11
12
12
12
12
11
11
11
9
10
11
12
11
11
10
11
9
10
9
11
10
10
11
11
12
9
10
12
11
9
11
11
11
9
12
11
10
11
11
9
9
10
10
10
9
10
10
10
10
9
9
9
10
11
11
10
10
11
9
10
10
10
10
10
10
9
11
10
9
9
10
10
9
11
10
9
11
9
11
9
10
9
9
9
10
10
9
10
10
10
10
9
9
10
10
10
8
10
10
8
9
8
10
10
8
9
9
10
9
10
10
9
8
10
10
9
9
10
10
8
9
8
7
9
9
9
8
9
9
8
8
9
7
9
9
8
8
9
9
7
8
8
8
7
9
9
7
8
8
7
7
7
7
9
8
9
8
9
7
8
7
7
8
7
8
7
8
8
8
7
8
8
8
8
7
7
8
8
8
7
8
7
7
8
8
6
9
7
8
9
9
8
7
8
8
8
7
7
8
7
7
7
8
7
8
7
8
7
7
8
8
8
7
7
7
7
7
7
7
8
7
7
8
8
7
6
7
7
8
7
6
7
7
6
6
7
7
7
8
7
6
7
6
5
6
7
6
6
7
6
6
7
7
7
6
6
7
7
7
6
6
7
6
6
7
6
6
6
6
6
7
6
7
6
6
6
5
5
6
7
7
7
7
6
6
5
7
6
5
6
6
6
6
6
5
7
6
6
7
6
5
6
5
7
6
5
5
6
6
6
5
6
7
6
5
6
5
6
6
5
7
6
6
6
6
7
7
7
7
6
6
6
5
6
6
6
5
6
5
6
5
5
6
6
5
5
5
5
7
6
5
6
5
6
5
5
6
5
5
6
6
6
5
5
6
5
6
5
5
6
5
6
6
6
6
6
4
4
5
5
5
5
5
6
6
5
6
5
5
5
5
6
6
5
4
5
4
6
5
5
7
5
6
5
6
5
6
5
5
6
5
5
5
5
4
6
4
5
5
4
6
6
4
4
5
4
6
4
5
5
5
5
4
5
4
5
6
6
5
5
5
5
5
4
5
3
6
5
6
4
5
5
5
4
3
4
5
4
4
5
5
3
4
5
4
4
4
4
4
4
4
3
4
4
3
4
5
3
4
5
3
4
4
3
5
4
4
4
4
4
3
3
5
3
4
4
3
4
4
5
4
4
4
4
4
4
3
4
5
5
3
3
5
4
5
4
4
3
3
4
3
4
4
4
4
4
3
3
3
4
3
3
4
3
4
4
4
4
4
4
4
3
5
4
4
4
4
4
4
4
4
4
3
4
3
4
3
4
3
3
4
5
4
4
3
2
3
4
3
4
3
3
3
4
3
3
3
3
4
4
3
3
3
3
3
3
4
3
3
3
3
3
4
3
4
3
2
3
3
2
3
3
2
4
4
4
3
3
3
3
3
3
3
4
3
4
3
4
3
4
3
4
3
3
3
3
3
3
4
4
4
2
2
3
4
4
2
3
3
4
4
3
2
1
3
3
3
3
4
3
3
2
3
4
3
3
4
3
4
2
3
4
4
3
2
4
3
3
3
3
4
2
4
3
3
2
3
4
3
3
3
4
3
3
3
3
3
3
3
3
2
1
3
3
4
3
4
3
3
3
4
4
4
1
3
3
3
3
3
3
3
4
2
4
3
3
3
4
3
4
3
4
3
3
4
3
4
3
2
2
3
3
3
3
3
3
2